Basin-by-basin melt comparison (Gt/a)
within_* = 1 if modelled melt is within obs_mean ± obs_sigma

           obs_mean  obs_sigma     mod_5th    diff_5th  within_5th  mod_median diff_median  within_median    mod_95th   diff_95th  within_95th    mod_mode   diff_mode  within_mode
0.0       39.850576   51.75315  107.568371   67.717795           0  140.497464  100.646888              0  199.769832  159.919256            0   144.88801  105.037434            0
1.0        3.301475   3.501439    2.809867   -0.491608           1     3.67003    0.368555              1    5.218324    1.916849            1    3.784718    0.483243            1
2.0        22.30045  19.602468   20.898969   -1.401481           1   27.296612    4.996163              1   38.812371   16.511921            1   28.149631    5.849182            1
3.0       52.685536  34.614514   14.626433  -38.059103           0   19.103912  -33.581624              1   27.163375  -25.522161            1    19.70091  -32.984627            1
4.0       85.776519   9.170013   92.498296    6.721776           1  120.814101   35.037581              0  171.782549    86.00603            0  124.589541   38.813022            0
5.0       20.795532   5.928376   14.813356   -5.982175           0   19.348057   -1.447475              1   27.510519    6.714987            0   19.952684   -0.842848            1
6.0       11.458845   5.587153    8.271995    -3.18685           1   10.804238   -0.654607              1   15.362276    3.903431            1    11.14187   -0.316975            1
7.0       40.053079  82.463491  126.976972   86.923893           0  165.847474  125.794395              0  235.814377  195.761298            0  171.030208  130.977129            0
8.0      124.962888  24.329054    69.08112  -55.881767           0   90.228402  -34.734485              0  128.293509    3.330622            1    93.04804  -31.914848            0
9.0      184.534908  78.676149   78.512486 -106.022421           0  102.546921  -81.987987              0  145.808903  -38.726005            1  105.751512  -78.783396            0
10.0      61.481957  21.302609   35.925112  -25.556845           0   46.922595  -14.559362              1   66.718065    5.236108            1   48.388926  -13.093031            1
11.0      97.333692  49.665902  164.309467   66.975775           0  214.608283  117.274591              0  305.146153  207.812461            0  221.314792    123.9811            0
12.0      23.611426  51.175697    41.33551   17.724084           1   53.989237   30.377811              1   76.765947   53.154521            0   55.676401   32.064975            1
13.0      15.302281       15.8     6.59922   -8.703061           1    8.619389   -6.682892              1   12.255694   -3.046587            1    8.888745   -6.413536            1
14.0      54.823613   76.89952   82.685148   27.861534           1  107.996928   53.173314              1  153.558132   98.734518            0  111.371832   56.548218            1
15.0      26.691859  31.813951    9.931421  -16.760438           1   12.971652  -13.720208              1   18.444067   -8.247792            1   13.377016  -13.314843            1
TOTAL  SUM within σ                                              8                                     10                                    9                                   10
